a1 <- 51
b1 <- 188
c1 <- 20
d1 <- 141

a2 <- 93
b2 <- 166
c2 <- 41
d2 <- 247